24.0	17.0	0.0	2.0	0.0	13654.0	12350.0	0.0	0.0	2.0	0.0	0.0	1.0	31601.0	14170.0	9660.0	32.0	0.0	0.0	0.0	0.0	0.0	14685.0	1642.0	9498.0	0.0	0.0	32.0	47761.0	16712.0	19383.0	15981.0	0.0	0.0	224.0	5.0	1.0	0.0	1474.0	900.0	224.0	0.0	0.0	5.0	26.0	
6.0	15.0	0.0	2.0	0.0	14227.0	12675.0	0.0	1.0	10.0	0.0	10.0	1.0	19370.0	6152.0	4655.0	227.0	9.0	8.0	1.0	0.0	0.0	153576.0	27939.0	11722.0	0.0	0.0	236.0	178782.0	35410.0	18886.0	2508.0	0.0	0.0	547.0	3.0	3.0	0.0	5836.0	1318.0	2508.0	0.0	0.0	4.0	11.0	
9.0	15.0	0.0	4.0	1.0	13741.0	13908.0	0.0	2.0	12.0	0.0	7.0	3.0	16056.0	5130.0	6269.0	202.0	17.0	0.0	17.0	0.0	0.0	121232.0	20449.0	10536.0	0.0	0.0	219.0	142604.0	26544.0	17821.0	2226.0	0.0	0.0	350.0	4.0	0.0	1.0	5316.0	964.0	1015.0	0.0	2.0	9.0	12.0	
4.0	18.0	0.0	4.0	4.0	18579.0	18160.0	1.0	3.0	30.0	864.0	13.0	2.0	92664.0	33603.0	9153.0	44.0	51.0	23.0	28.0	0.0	0.0	70703.0	11368.0	18980.0	0.0	0.0	95.0	184694.0	46775.0	28199.0	12513.0	0.0	0.0	834.0	1.0	3.0	0.0	21326.0	1803.0	66.0	0.0	0.0	1.0	10.0	
17.0	13.0	0.0	5.0	0.0	9177.0	8650.0	0.0	0.0	2.0	0.0	0.0	1.0	17126.0	6588.0	11070.0	48.0	0.0	0.0	0.0	0.0	0.0	11273.0	3782.0	7264.0	0.0	0.0	48.0	37245.0	10371.0	18393.0	2491.0	0.0	0.0	160.0	5.0	0.0	0.0	8845.0	0.0	58.0	0.0	0.0	1.0	15.0	
2.0	12.0	0.0	9.0	1.0	8967.0	8350.0	0.0	2.0	7.0	561.0	2.0	2.0	36350.0	14742.0	6570.0	17.0	31.0	7.0	24.0	0.0	0.0	36786.0	4398.0	18185.0	0.0	0.0	48.0	81432.0	20090.0	25117.0	4557.0	0.0	0.0	572.0	1.0	0.0	0.0	8294.0	949.0	361.0	0.0	0.0	2.0	14.0	
11.0	16.0	0.0	3.0	1.0	12543.0	10870.0	0.0	1.0	4.0	0.0	3.0	2.0	48391.0	5224.0	5770.0	195.0	0.0	0.0	0.0	0.0	0.0	91195.0	12712.0	17717.0	0.0	0.0	195.0	140115.0	18153.0	23741.0	2102.0	0.0	0.0	3254.0	1.0	0.0	0.0	528.0	216.0	254.0	0.0	2.0	1.0	12.0	
3.0	16.0	0.0	10.0	0.0	13030.0	13000.0	0.0	0.0	2.0	564.0	0.0	1.0	36033.0	3081.0	8006.0	243.0	8.0	3.0	5.0	0.0	0.0	134450.0	10012.0	25572.0	0.0	0.0	251.0	171909.0	14520.0	33723.0	541.0	0.0	0.0	459.0	1.0	1.0	0.0	1426.0	1426.0	144.0	0.0	2.0	3.0	12.0	
15.0	17.0	0.0	3.0	4.0	15969.0	11725.0	0.0	3.0	15.0	697.0	8.0	2.0	5079.0	3520.0	5698.0	231.0	6.0	1.0	5.0	0.0	0.0	153209.0	21349.0	14284.0	0.0	0.0	237.0	159756.0	24870.0	20306.0	3278.0	0.0	0.0	87.0	4.0	4.0	0.0	1467.0	0.0	323.0	0.0	0.0	1.0	8.0	
8.0	16.0	0.0	6.0	4.0	17199.0	16525.0	0.0	4.0	17.0	1676.0	5.0	2.0	10960.0	2376.0	11169.0	196.0	17.0	8.0	9.0	0.0	0.0	165663.0	34093.0	8635.0	0.0	0.0	213.0	180442.0	36977.0	20446.0	4112.0	0.0	0.0	188.0	3.0	5.0	0.0	3817.0	508.0	642.0	0.0	1.0	2.0	8.0	
3.0	16.0	0.0	4.0	3.0	14116.0	13733.0	0.0	3.0	10.0	0.0	4.0	3.0	2556.0	1442.0	2803.0	231.0	5.0	1.0	4.0	0.0	0.0	133743.0	14273.0	23799.0	0.0	0.0	241.0	155113.0	18607.0	26761.0	8273.0	0.0	0.0	169.0	1.0	0.0	1.0	18813.0	2892.0	158.0	0.0	2.0	4.0	14.0	
7.0	17.0	0.0	2.0	3.0	16458.0	13425.0	0.0	3.0	16.0	0.0	11.0	3.0	184959.0	15406.0	2315.0	73.0	103.0	17.0	86.0	0.0	0.0	36835.0	2039.0	14010.0	0.0	0.0	176.0	233372.0	18917.0	16712.0	6172.0	0.0	0.0	431.0	1.0	1.0	1.0	11577.0	1472.0	385.0	0.0	0.0	1.0	13.0	
8.0	18.0	0.0	4.0	0.0	15604.0	14600.0	1.0	3.0	14.0	838.0	8.0	1.0	140272.0	25146.0	12951.0	205.0	14.0	12.0	2.0	0.0	0.0	20046.0	1349.0	10743.0	0.0	0.0	219.0	162622.0	27385.0	23844.0	5789.0	0.0	0.0	542.0	1.0	0.0	0.0	2304.0	888.0	150.0	0.0	0.0	4.0	14.0	
16.0	14.0	0.0	4.0	0.0	10725.0	9400.0	0.0	1.0	3.0	0.0	2.0	1.0	36036.0	9774.0	3352.0	42.0	0.0	0.0	0.0	0.0	0.0	8982.0	1265.0	9259.0	0.0	0.0	42.0	45019.0	11040.0	12752.0	2276.0	0.0	0.0	102.0	1.0	0.0	0.0	0.0	0.0	140.0	0.0	0.0	3.0	15.0	
11.0	14.0	0.0	9.0	0.0	12521.0	11410.0	0.0	2.0	6.0	0.0	2.0	1.0	75832.0	36155.0	11956.0	67.0	0.0	0.0	0.0	0.0	0.0	5480.0	1346.0	11366.0	0.0	0.0	67.0	82395.0	38359.0	23632.0	1831.0	0.0	0.0	714.0	1.0	0.0	0.0	1082.0	857.0	309.0	0.0	0.0	1.0	26.0	
8.0	15.0	0.0	7.0	0.0	12482.0	11300.0	0.0	0.0	2.0	381.0	0.0	1.0	1649.0	969.0	6878.0	234.0	12.0	1.0	11.0	0.0	0.0	140206.0	15066.0	11337.0	0.0	0.0	246.0	147090.0	17727.0	18714.0	3319.0	0.0	0.0	2283.0	3.0	1.0	0.0	5235.0	1692.0	499.0	0.0	2.0	0.0	8.0	
7.0	16.0	0.0	1.0	3.0	13106.0	11325.0	0.0	2.0	13.0	861.0	11.0	2.0	53544.0	11066.0	3002.0	43.0	112.0	64.0	48.0	0.0	0.0	92048.0	5093.0	15549.0	0.0	0.0	155.0	156545.0	17702.0	19384.0	10284.0	0.0	0.0	787.0	1.0	3.0	0.0	10953.0	1543.0	833.0	0.0	0.0	6.0	11.0	
1.0	11.0	0.0	7.0	0.0	7011.0	6550.0	0.0	1.0	3.0	353.0	3.0	1.0	52699.0	9668.0	7420.0	109.0	0.0	0.0	0.0	0.0	0.0	6380.0	1096.0	5594.0	0.0	0.0	109.0	59629.0	11315.0	13361.0	867.0	0.0	0.0	11.0	1.0	0.0	0.0	550.0	550.0	346.0	0.0	0.0	0.0	4.0	
0.0	13.0	0.0	1.0	1.0	8441.0	8525.0	0.0	1.0	8.0	355.0	8.0	2.0	41549.0	7580.0	2854.0	115.0	3.0	0.0	3.0	0.0	0.0	17755.0	1822.0	7007.0	0.0	0.0	118.0	61345.0	10305.0	9930.0	30.0	0.0	0.0	370.0	1.0	2.0	0.0	2040.0	902.0	68.0	0.0	0.0	0.0	5.0	
7.0	16.0	0.0	8.0	1.0	14278.0	12675.0	0.0	2.0	6.0	0.0	2.0	2.0	2028.0	1519.0	7330.0	239.0	14.0	11.0	3.0	0.0	0.0	183776.0	15188.0	16517.0	0.0	0.0	253.0	187277.0	17098.0	25459.0	442.0	0.0	0.0	1034.0	1.0	2.0	0.0	1472.0	390.0	1611.0	0.0	1.0	2.0	12.0	
17.0	18.0	0.0	8.0	1.0	17872.0	16650.0	0.0	3.0	11.0	0.0	5.0	2.0	205731.0	42585.0	10333.0	238.0	10.0	4.0	6.0	0.0	0.0	19247.0	1706.0	13630.0	0.0	0.0	248.0	227628.0	45784.0	24992.0	3567.0	0.0	0.0	1463.0	1.0	1.0	0.0	2649.0	1492.0	1028.0	0.0	0.0	1.0	15.0	
7.0	13.0	0.0	6.0	0.0	8817.0	7420.0	0.0	0.0	2.0	169.0	0.0	1.0	24529.0	9935.0	4475.0	29.0	0.0	0.0	0.0	0.0	0.0	5777.0	1530.0	11411.0	0.0	0.0	29.0	31378.0	12367.0	16364.0	2516.0	0.0	0.0	214.0	1.0	1.0	0.0	1071.0	901.0	477.0	0.0	0.0	8.0	23.0	
4.0	18.0	0.0	4.0	1.0	18551.0	16625.0	3.0	2.0	12.0	782.0	10.0	2.0	5648.0	2809.0	12550.0	51.0	207.0	102.0	105.0	0.0	0.0	297815.0	26137.0	22632.0	0.0	0.0	258.0	323271.0	32805.0	37813.0	13849.0	0.0	0.0	984.0	1.0	3.0	0.0	19807.0	3858.0	2630.0	0.0	0.0	3.0	8.0	
10.0	17.0	0.0	7.0	4.0	18314.0	16850.0	0.0	4.0	17.0	1107.0	6.0	3.0	12846.0	7495.0	4507.0	248.0	3.0	1.0	2.0	0.0	0.0	215888.0	46050.0	13786.0	0.0	0.0	251.0	230771.0	54845.0	20619.0	2818.0	0.0	0.0	193.0	2.0	3.0	3.0	2036.0	1300.0	2326.0	0.0	0.0	3.0	13.0	
10.0	17.0	0.0	6.0	1.0	12979.0	12360.0	0.0	3.0	11.0	0.0	4.0	2.0	103612.0	22518.0	6540.0	151.0	2.0	0.0	2.0	0.0	0.0	17514.0	1707.0	16323.0	0.0	0.0	153.0	123946.0	25955.0	23119.0	5214.0	0.0	0.0	603.0	5.0	0.0	0.0	2819.0	1729.0	256.0	0.0	0.0	1.0	7.0	
7.0	14.0	0.0	10.0	1.0	11683.0	11075.0	0.0	2.0	11.0	0.0	6.0	2.0	45307.0	13642.0	7757.0	86.0	16.0	3.0	13.0	0.0	0.0	16173.0	2368.0	11500.0	0.0	0.0	102.0	62545.0	16906.0	20344.0	1102.0	0.0	0.0	167.0	1.0	0.0	0.0	1064.0	896.0	1087.0	0.0	1.0	4.0	9.0	
4.0	15.0	0.0	2.0	0.0	12033.0	8420.0	0.0	2.0	6.0	0.0	3.0	1.0	113881.0	14095.0	5182.0	204.0	12.0	3.0	9.0	0.0	0.0	11052.0	366.0	8383.0	0.0	0.0	216.0	125483.0	14462.0	14830.0	4508.0	0.0	0.0	2828.0	1.0	1.0	0.0	550.0	0.0	1265.0	0.0	0.0	1.0	7.0	
8.0	17.0	0.0	2.0	1.0	15410.0	13120.0	0.0	3.0	13.0	1584.0	6.0	2.0	7644.0	3794.0	6491.0	65.0	122.0	39.0	83.0	0.0	0.0	208357.0	25301.0	14187.0	0.0	0.0	187.0	234969.0	33277.0	20839.0	6428.0	0.0	0.0	789.0	1.0	1.0	0.0	18967.0	4180.0	160.0	0.0	2.0	1.0	11.0	
5.0	13.0	0.0	9.0	2.0	9868.0	9708.0	0.0	1.0	9.0	0.0	5.0	2.0	11304.0	3463.0	9325.0	38.0	45.0	8.0	37.0	0.0	0.0	79604.0	13408.0	20235.0	0.0	0.0	83.0	97696.0	18361.0	30055.0	6386.0	0.0	0.0	156.0	1.0	0.0	0.0	6788.0	1490.0	494.0	0.0	0.0	1.0	10.0	
8.0	11.0	0.0	1.0	0.0	8919.0	6225.0	0.0	1.0	3.0	691.0	3.0	1.0	1006.0	793.0	2310.0	160.0	0.0	0.0	0.0	0.0	0.0	79573.0	8438.0	4510.0	0.0	0.0	160.0	80580.0	9231.0	6950.0	891.0	0.0	0.0	38.0	2.0	2.0	0.0	0.0	0.0	130.0	0.0	1.0	2.0	6.0	
4.0	15.0	0.0	9.0	0.0	11179.0	11225.0	0.0	2.0	8.0	468.0	2.0	1.0	50328.0	13524.0	7853.0	28.0	51.0	20.0	31.0	0.0	0.0	62644.0	4757.0	21330.0	0.0	0.0	79.0	123908.0	20293.0	29704.0	8298.0	0.0	0.0	572.0	1.0	0.0	0.0	10935.0	2011.0	520.0	0.0	0.0	2.0	13.0	
6.0	15.0	0.0	6.0	0.0	13678.0	13100.0	0.0	1.0	5.0	471.0	2.0	1.0	5018.0	3793.0	10748.0	269.0	4.0	1.0	3.0	0.0	0.0	166073.0	20213.0	8753.0	0.0	0.0	273.0	174904.0	24478.0	20427.0	2767.0	0.0	0.0	3128.0	3.0	2.0	0.0	3812.0	472.0	924.0	0.0	0.0	3.0	9.0	
3.0	12.0	0.0	6.0	1.0	8309.0	8050.0	0.0	1.0	5.0	669.0	5.0	2.0	2932.0	1310.0	4969.0	165.0	2.0	0.0	2.0	0.0	0.0	80597.0	12660.0	7239.0	0.0	0.0	167.0	84063.0	14024.0	12558.0	1413.0	0.0	0.0	173.0	2.0	0.0	0.0	534.0	54.0	350.0	0.0	2.0	3.0	8.0	
9.0	16.0	0.0	4.0	0.0	12139.0	12300.0	0.0	1.0	2.0	0.0	2.0	1.0	80683.0	12560.0	10333.0	199.0	11.0	0.0	11.0	0.0	0.0	19220.0	1767.0	7459.0	0.0	0.0	210.0	146080.0	19625.0	17877.0	5188.0	0.0	0.0	391.0	1.0	1.0	0.0	46177.0	5297.0	84.0	0.0	2.0	4.0	12.0	
5.0	18.0	0.0	8.0	1.0	17817.0	17020.0	1.0	3.0	13.0	1017.0	4.0	2.0	156854.0	30214.0	11269.0	236.0	2.0	0.0	2.0	0.0	0.0	18656.0	2311.0	19057.0	0.0	0.0	238.0	177807.0	33572.0	31741.0	5010.0	0.0	0.0	78.0	2.0	1.0	0.0	2296.0	1046.0	1415.0	0.0	0.0	2.0	15.0	
5.0	16.0	0.0	7.0	3.0	15541.0	14325.0	0.0	4.0	17.0	477.0	6.0	2.0	3847.0	1991.0	2670.0	43.0	113.0	41.0	72.0	0.0	0.0	175524.0	20958.0	19289.0	0.0	0.0	156.0	190781.0	24993.0	22873.0	6624.0	0.0	0.0	857.0	1.0	1.0	0.0	11410.0	2044.0	913.0	0.0	0.0	0.0	10.0	
5.0	16.0	0.0	12.0	0.0	12434.0	12060.0	0.0	3.0	8.0	540.0	2.0	1.0	3414.0	2262.0	17557.0	188.0	1.0	1.0	0.0	0.0	0.0	146452.0	23655.0	16459.0	0.0	0.0	189.0	150842.0	26893.0	36133.0	1462.0	0.0	0.0	270.0	1.0	0.0	0.0	976.0	976.0	2116.0	0.0	0.0	0.0	12.0	
0.0	11.0	0.0	3.0	0.0	7029.0	6800.0	0.0	0.0	1.0	0.0	0.0	1.0	9779.0	2187.0	3685.0	171.0	1.0	0.0	1.0	0.0	0.0	60935.0	9258.0	6188.0	0.0	0.0	172.0	70714.0	11446.0	9922.0	1013.0	0.0	0.0	59.0	3.0	1.0	0.0	0.0	0.0	48.0	0.0	2.0	4.0	8.0	
7.0	15.0	0.0	4.0	2.0	13024.0	10675.0	1.0	2.0	9.0	989.0	6.0	2.0	4030.0	915.0	5452.0	204.0	4.0	1.0	3.0	0.0	0.0	134534.0	13140.0	8345.0	0.0	0.0	208.0	140299.0	14056.0	14599.0	3051.0	0.0	0.0	93.0	4.0	3.0	0.0	1733.0	0.0	802.0	0.0	2.0	2.0	13.0	
6.0	18.0	0.0	5.0	2.0	17006.0	12800.0	1.0	3.0	17.0	0.0	11.0	2.0	114555.0	26944.0	5838.0	195.0	4.0	2.0	2.0	0.0	0.0	16555.0	2345.0	16071.0	0.0	0.0	199.0	169700.0	39112.0	24531.0	6824.0	0.0	0.0	567.0	1.0	1.0	0.0	38590.0	9823.0	2621.0	0.0	0.0	0.0	10.0	
8.0	16.0	0.0	10.0	2.0	13093.0	12550.0	0.0	2.0	11.0	712.0	4.0	2.0	2418.0	1712.0	13296.0	150.0	10.0	1.0	9.0	0.0	0.0	125444.0	24167.0	13147.0	0.0	0.0	160.0	129232.0	27248.0	27493.0	4516.0	0.0	0.0	172.0	1.0	0.0	0.0	1369.0	1369.0	1049.0	0.0	0.0	2.0	3.0	
4.0	13.0	0.0	3.0	0.0	9742.0	8325.0	0.0	1.0	5.0	0.0	3.0	1.0	21889.0	1759.0	1723.0	52.0	65.0	12.0	53.0	0.0	0.0	88117.0	7090.0	19867.0	0.0	0.0	117.0	119126.0	9141.0	22196.0	5516.0	0.0	0.0	575.0	1.0	1.0	0.0	9119.0	292.0	606.0	0.0	0.0	1.0	12.0	
7.0	14.0	0.0	7.0	0.0	8441.0	7785.0	0.0	1.0	6.0	0.0	3.0	1.0	55900.0	21138.0	9526.0	97.0	2.0	0.0	2.0	0.0	0.0	9577.0	1272.0	8633.0	0.0	0.0	101.0	66206.0	23138.0	18159.0	1318.0	0.0	0.0	47.0	1.0	0.0	0.0	728.0	728.0	0.0	0.0	0.0	2.0	3.0	
9.0	17.0	0.0	9.0	0.0	12932.0	20940.0	0.0	1.0	7.0	416.0	4.0	1.0	84340.0	21597.0	5704.0	151.0	8.0	2.0	6.0	0.0	0.0	31965.0	4147.0	20906.0	0.0	0.0	159.0	117108.0	26547.0	26676.0	30.0	0.0	0.0	531.0	1.0	2.0	0.0	802.0	802.0	66.0	0.0	0.0	8.0	14.0	
5.0	12.0	0.0	3.0	0.0	8918.0	6785.0	0.0	2.0	5.0	0.0	2.0	1.0	80207.0	14308.0	4831.0	143.0	9.0	3.0	6.0	0.0	0.0	11909.0	776.0	3508.0	0.0	0.0	152.0	92377.0	15215.0	8882.0	657.0	0.0	0.0	250.0	1.0	3.0	0.0	260.0	130.0	542.0	0.0	2.0	1.0	7.0	
3.0	11.0	0.0	5.0	0.0	8426.0	7533.0	0.0	1.0	3.0	0.0	2.0	1.0	2264.0	1725.0	3581.0	116.0	6.0	0.0	6.0	0.0	0.0	67219.0	5194.0	8566.0	0.0	0.0	122.0	71312.0	7637.0	12423.0	2412.0	0.0	0.0	276.0	1.0	1.0	0.0	1829.0	716.0	276.0	0.0	0.0	0.0	6.0	
7.0	14.0	0.0	6.0	1.0	12780.0	10425.0	0.0	2.0	7.0	0.0	3.0	3.0	105144.0	14516.0	5459.0	150.0	23.0	15.0	8.0	0.0	0.0	17514.0	2455.0	10474.0	0.0	0.0	173.0	125758.0	17834.0	16590.0	1113.0	0.0	0.0	1301.0	1.0	0.0	1.0	3100.0	862.0	656.0	0.0	0.0	4.0	11.0	
10.0	17.0	0.0	8.0	1.0	16504.0	14475.0	0.0	2.0	7.0	0.0	3.0	2.0	10668.0	3020.0	8260.0	304.0	6.0	4.0	2.0	0.0	0.0	219895.0	37948.0	16872.0	0.0	0.0	310.0	232314.0	41308.0	25472.0	2829.0	0.0	0.0	609.0	4.0	2.0	0.0	1750.0	340.0	340.0	0.0	0.0	8.0	12.0	
0.0	14.0	0.0	5.0	0.0	12331.0	10625.0	0.0	1.0	5.0	504.0	3.0	1.0	4398.0	785.0	5449.0	244.0	17.0	3.0	14.0	0.0	0.0	149059.0	17559.0	13255.0	0.0	0.0	261.0	154633.0	19072.0	18724.0	2543.0	0.0	0.0	75.0	2.0	1.0	0.0	1176.0	728.0	20.0	0.0	1.0	3.0	8.0	
6.0	13.0	0.0	1.0	1.0	10624.0	9300.0	0.0	1.0	9.0	0.0	9.0	2.0	11445.0	3688.0	4875.0	154.0	8.0	8.0	0.0	0.0	0.0	87612.0	14352.0	8878.0	0.0	0.0	162.0	99143.0	18125.0	13887.0	1077.0	0.0	0.0	152.0	1.0	2.0	0.0	84.0	84.0	134.0	0.0	2.0	4.0	10.0	
13.0	14.0	0.0	5.0	0.0	10856.0	11000.0	0.0	1.0	2.0	0.0	2.0	1.0	95797.0	12899.0	8009.0	146.0	15.0	8.0	7.0	0.0	0.0	18186.0	1410.0	7263.0	0.0	0.0	161.0	114560.0	14885.0	15502.0	3156.0	0.0	0.0	1154.0	1.0	1.0	0.0	576.0	576.0	230.0	0.0	0.0	3.0	11.0	
17.0	12.0	0.0	2.0	0.0	8543.0	7025.0	0.0	0.0	2.0	0.0	0.0	1.0	5674.0	3346.0	2200.0	28.0	0.0	0.0	0.0	0.0	0.0	6258.0	1026.0	12356.0	0.0	0.0	28.0	15735.0	4373.0	14557.0	2212.0	0.0	0.0	296.0	4.0	1.0	0.0	3802.0	0.0	0.0	0.0	1.0	6.0	16.0	
9.0	16.0	0.0	3.0	2.0	15598.0	13700.0	0.0	2.0	5.0	1674.0	2.0	2.0	2808.0	466.0	6728.0	235.0	56.0	17.0	39.0	0.0	0.0	227719.0	16453.0	7389.0	0.0	0.0	291.0	236694.0	17951.0	15207.0	2904.0	0.0	0.0	407.0	2.0	3.0	0.0	6166.0	1032.0	1090.0	0.0	0.0	5.0	12.0	
0.0	15.0	0.0	3.0	1.0	12807.0	11350.0	1.0	3.0	12.0	612.0	5.0	2.0	74566.0	15344.0	6931.0	189.0	6.0	2.0	4.0	0.0	0.0	35733.0	3252.0	8565.0	0.0	0.0	195.0	112842.0	19132.0	15496.0	151.0	0.0	0.0	615.0	1.0	3.0	0.0	2542.0	536.0	0.0	0.0	0.0	0.0	7.0	
11.0	17.0	0.0	6.0	2.0	16480.0	14780.0	0.0	3.0	9.0	1747.0	3.0	2.0	3432.0	965.0	8334.0	261.0	27.0	3.0	24.0	0.0	0.0	234422.0	24208.0	9734.0	0.0	0.0	288.0	243730.0	27501.0	19153.0	3073.0	0.0	0.0	339.0	4.0	2.0	0.0	5876.0	2328.0	1084.0	0.0	2.0	7.0	14.0	
13.0	16.0	0.0	11.0	0.0	13954.0	13650.0	0.0	1.0	5.0	0.0	2.0	1.0	64571.0	16884.0	7559.0	82.0	1.0	1.0	0.0	0.0	0.0	12302.0	3696.0	13428.0	0.0	0.0	84.0	80713.0	20580.0	21479.0	523.0	0.0	0.0	218.0	1.0	1.0	0.0	3840.0	0.0	491.0	0.0	2.0	4.0	6.0	
11.0	16.0	0.0	4.0	4.0	19453.0	17200.0	3.0	5.0	19.0	1290.0	5.0	2.0	17903.0	5800.0	5070.0	247.0	13.0	10.0	3.0	0.0	0.0	249346.0	48305.0	16231.0	0.0	0.0	260.0	269813.0	54262.0	22072.0	6325.0	0.0	0.0	376.0	3.0	5.0	0.0	2564.0	156.0	770.0	0.0	0.0	4.0	6.0	
5.0	17.0	0.0	5.0	1.0	14470.0	14050.0	0.0	3.0	11.0	851.0	4.0	2.0	117321.0	24556.0	10241.0	191.0	7.0	2.0	5.0	0.0	0.0	14647.0	1594.0	10030.0	0.0	0.0	198.0	132268.0	26151.0	21542.0	2400.0	0.0	0.0	71.0	1.0	3.0	0.0	300.0	0.0	1270.0	0.0	0.0	0.0	14.0	
14.0	17.0	0.0	5.0	2.0	14782.0	11500.0	0.0	4.0	12.0	0.0	5.0	2.0	96485.0	35742.0	9259.0	68.0	7.0	7.0	0.0	0.0	0.0	3645.0	616.0	5637.0	0.0	0.0	82.0	100619.0	36544.0	15223.0	679.0	0.0	0.0	518.0	1.0	0.0	0.0	488.0	186.0	326.0	0.0	0.0	0.0	16.0	
6.0	13.0	0.0	1.0	0.0	8697.0	8525.0	0.0	1.0	6.0	435.0	6.0	1.0	1201.0	815.0	5976.0	135.0	5.0	0.0	5.0	0.0	0.0	85715.0	8415.0	5322.0	0.0	0.0	140.0	87356.0	9670.0	11668.0	1231.0	0.0	0.0	184.0	1.0	0.0	0.0	440.0	440.0	370.0	0.0	0.0	1.0	12.0	
9.0	18.0	0.0	4.0	2.0	16748.0	15535.0	1.0	3.0	18.0	0.0	7.0	2.0	195227.0	35646.0	8748.0	224.0	11.0	4.0	7.0	0.0	0.0	27261.0	715.0	9085.0	0.0	0.0	235.0	222968.0	36412.0	18633.0	959.0	0.0	0.0	211.0	1.0	2.0	0.0	479.0	50.0	799.0	0.0	0.0	0.0	7.0	
7.0	18.0	0.0	6.0	5.0	19232.0	18150.0	0.0	4.0	16.0	0.0	7.0	3.0	260759.0	45161.0	6168.0	282.0	34.0	10.0	24.0	0.0	0.0	17135.0	2148.0	12410.0	0.0	0.0	316.0	278802.0	47498.0	19533.0	2154.0	0.0	0.0	1629.0	1.0	2.0	1.0	908.0	188.0	955.0	0.0	2.0	8.0	19.0	
9.0	18.0	0.0	20.0	0.0	16000.0	16710.0	0.0	1.0	7.0	716.0	2.0	1.0	0.0	0.0	17555.0	222.0	0.0	0.0	0.0	0.0	0.0	174205.0	27052.0	29307.0	0.0	0.0	222.0	176552.0	29174.0	49406.0	3280.0	0.0	0.0	259.0	1.0	0.0	0.0	2347.0	2122.0	2543.0	0.0	0.0	4.0	13.0	
11.0	16.0	0.0	5.0	2.0	15505.0	15075.0	3.0	2.0	8.0	1549.0	4.0	2.0	25103.0	6161.0	7004.0	242.0	32.0	6.0	26.0	0.0	0.0	197814.0	21273.0	10770.0	0.0	0.0	274.0	224386.0	27686.0	17996.0	2881.0	0.0	0.0	349.0	4.0	4.0	0.0	1468.0	252.0	221.0	0.0	3.0	3.0	13.0	
13.0	16.0	0.0	6.0	1.0	14699.0	12250.0	0.0	2.0	8.0	792.0	2.0	2.0	3747.0	1016.0	7502.0	265.0	11.0	9.0	2.0	0.0	0.0	185123.0	24854.0	10245.0	0.0	0.0	276.0	193089.0	25880.0	18636.0	3057.0	0.0	0.0	143.0	4.0	2.0	0.0	4218.0	10.0	888.0	0.0	0.0	3.0	7.0	
5.0	15.0	0.0	8.0	1.0	11681.0	12035.0	0.0	3.0	8.0	526.0	3.0	2.0	86037.0	29064.0	17551.0	163.0	4.0	1.0	3.0	0.0	0.0	28035.0	4480.0	13811.0	0.0	0.0	167.0	115096.0	34389.0	32347.0	1149.0	0.0	0.0	542.0	1.0	0.0	0.0	1023.0	843.0	983.0	0.0	0.0	3.0	6.0	
10.0	23.0	0.0	15.0	1.0	20052.0	18700.0	0.0	1.0	14.0	90.0	10.0	2.0	141939.0	31251.0	28449.0	136.0	8.0	0.0	8.0	0.0	0.0	16557.0	4312.0	25251.0	0.0	0.0	152.0	158497.0	35564.0	56947.0	3167.0	0.0	0.0	1045.0	1.0	0.0	0.0	0.0	0.0	3246.0	0.0	0.0	0.0	32.0	
7.0	12.0	0.0	7.0	0.0	9319.0	8700.0	0.0	0.0	4.0	907.0	0.0	1.0	992.0	512.0	2315.0	140.0	5.0	5.0	0.0	0.0	0.0	109410.0	15050.0	19331.0	0.0	0.0	145.0	113016.0	15563.0	22031.0	2405.0	0.0	0.0	256.0	5.0	1.0	0.0	2614.0	0.0	384.0	0.0	0.0	7.0	7.0	
2.0	11.0	0.0	8.0	0.0	8207.0	7650.0	0.0	0.0	1.0	648.0	0.0	1.0	0.0	0.0	8625.0	174.0	0.0	0.0	0.0	0.0	0.0	76776.0	6351.0	5639.0	0.0	0.0	174.0	76776.0	6351.0	14522.0	1158.0	0.0	0.0	56.0	2.0	1.0	0.0	0.0	0.0	258.0	0.0	0.0	1.0	7.0	
7.0	15.0	0.0	10.0	0.0	11989.0	11300.0	0.0	2.0	5.0	1121.0	2.0	1.0	2782.0	752.0	3662.0	228.0	0.0	0.0	0.0	0.0	0.0	175664.0	21543.0	24387.0	0.0	0.0	228.0	178795.0	22644.0	28423.0	1000.0	0.0	0.0	53.0	1.0	0.0	0.0	348.0	348.0	372.0	0.0	0.0	1.0	10.0	
6.0	15.0	0.0	3.0	3.0	15698.0	14850.0	0.0	3.0	17.0	1591.0	9.0	2.0	5945.0	1827.0	4669.0	192.0	9.0	3.0	6.0	0.0	0.0	145677.0	23660.0	6992.0	0.0	0.0	201.0	154149.0	25647.0	13431.0	3449.0	0.0	0.0	108.0	3.0	4.0	0.0	2526.0	160.0	1769.0	0.0	2.0	1.0	10.0	
6.0	11.0	0.0	1.0	0.0	8373.0	8300.0	1.0	0.0	1.0	0.0	0.0	1.0	687.0	467.0	2899.0	174.0	9.0	9.0	0.0	0.0	0.0	78962.0	8705.0	6908.0	0.0	0.0	183.0	81113.0	9485.0	10078.0	2841.0	0.0	0.0	120.0	3.0	2.0	0.0	1464.0	312.0	270.0	0.0	0.0	4.0	10.0	
7.0	11.0	0.0	0.0	1.0	10567.0	7800.0	1.0	1.0	10.0	0.0	10.0	3.0	8157.0	2707.0	2509.0	116.0	4.0	4.0	0.0	0.0	0.0	80580.0	12905.0	4512.0	0.0	0.0	120.0	91064.0	16028.0	7163.0	1450.0	0.0	0.0	470.0	2.0	2.0	1.0	2326.0	416.0	142.0	0.0	0.0	1.0	8.0	
8.0	16.0	0.0	7.0	2.0	16329.0	14550.0	1.0	5.0	14.0	1697.0	3.0	3.0	4517.0	1112.0	10286.0	203.0	16.0	9.0	7.0	0.0	0.0	188452.0	29597.0	16570.0	0.0	0.0	219.0	193975.0	31716.0	27704.0	2116.0	0.0	0.0	33.0	2.0	4.0	1.0	1006.0	1006.0	848.0	0.0	0.0	0.0	13.0	
4.0	11.0	0.0	1.0	1.0	10075.0	8600.0	2.0	2.0	8.0	440.0	5.0	2.0	92.0	29.0	4106.0	155.0	1.0	0.0	1.0	0.0	0.0	83507.0	13211.0	3868.0	0.0	0.0	156.0	90150.0	15640.0	8157.0	1317.0	0.0	0.0	321.0	2.0	2.0	0.0	6551.0	2400.0	182.0	0.0	0.0	0.0	5.0	
15.0	18.0	0.0	9.0	3.0	22232.0	17800.0	3.0	4.0	16.0	2263.0	6.0	2.0	11306.0	3094.0	14016.0	295.0	12.0	2.0	10.0	0.0	0.0	319766.0	50939.0	21301.0	0.0	0.0	307.0	332672.0	54289.0	37084.0	6305.0	0.0	0.0	159.0	4.0	3.0	0.0	1600.0	256.0	1765.0	0.0	0.0	6.0	13.0	
10.0	24.0	0.0	9.0	1.0	18766.0	18050.0	0.0	5.0	11.0	0.0	2.0	2.0	101781.0	29150.0	25504.0	83.0	5.0	0.0	5.0	0.0	0.0	8294.0	1021.0	5441.0	0.0	0.0	93.0	110650.0	30299.0	32749.0	2732.0	0.0	0.0	494.0	1.0	0.0	0.0	574.0	128.0	1803.0	0.0	0.0	0.0	36.0	
6.0	17.0	0.0	3.0	1.0	16559.0	16183.0	2.0	1.0	9.0	0.0	7.0	2.0	14267.0	4495.0	6569.0	272.0	5.0	3.0	2.0	0.0	0.0	231883.0	20525.0	10589.0	0.0	0.0	277.0	258331.0	27576.0	17691.0	2621.0	0.0	0.0	857.0	1.0	4.0	0.0	12179.0	2556.0	532.0	0.0	4.0	1.0	12.0	
3.0	15.0	0.0	7.0	0.0	12343.0	11650.0	0.0	1.0	2.0	1285.0	2.0	1.0	1565.0	677.0	8416.0	253.0	16.0	0.0	16.0	0.0	0.0	175651.0	15198.0	11968.0	0.0	0.0	269.0	177636.0	15965.0	20511.0	2325.0	0.0	0.0	60.0	2.0	0.0	0.0	420.0	90.0	127.0	0.0	2.0	5.0	10.0	
3.0	11.0	0.0	3.0	0.0	7637.0	7125.0	0.0	1.0	5.0	0.0	3.0	1.0	10401.0	928.0	3104.0	25.0	43.0	28.0	15.0	0.0	0.0	51551.0	5582.0	8975.0	0.0	0.0	68.0	71335.0	6861.0	12444.0	3482.0	0.0	0.0	369.0	1.0	0.0	0.0	9382.0	350.0	365.0	0.0	0.0	0.0	12.0	
11.0	14.0	0.0	4.0	0.0	11253.0	10150.0	0.0	1.0	6.0	0.0	4.0	1.0	87010.0	16631.0	8295.0	147.0	9.0	8.0	1.0	0.0	0.0	13507.0	623.0	4658.0	0.0	0.0	156.0	112414.0	21905.0	12954.0	836.0	0.0	0.0	333.0	1.0	3.0	0.0	11896.0	4649.0	0.0	0.0	0.0	5.0	10.0	
17.0	17.0	0.0	8.0	2.0	14786.0	13150.0	0.0	2.0	8.0	1741.0	4.0	3.0	830.0	544.0	7371.0	182.0	3.0	2.0	1.0	0.0	0.0	158641.0	30446.0	12537.0	0.0	0.0	185.0	159471.0	30990.0	20374.0	2038.0	0.0	0.0	51.0	3.0	2.0	1.0	0.0	0.0	466.0	0.0	0.0	3.0	13.0	
8.0	17.0	0.0	3.0	1.0	14001.0	12275.0	1.0	2.0	7.0	0.0	4.0	2.0	94002.0	12948.0	11151.0	228.0	14.0	2.0	12.0	0.0	0.0	17604.0	631.0	6201.0	0.0	0.0	242.0	157178.0	17306.0	17562.0	5152.0	0.0	0.0	527.0	1.0	1.0	0.0	45571.0	3727.0	210.0	0.0	3.0	4.0	15.0	
4.0	13.0	0.0	2.0	2.0	9314.0	8350.0	0.0	2.0	10.0	448.0	6.0	3.0	883.0	833.0	4964.0	119.0	4.0	3.0	1.0	0.0	0.0	60464.0	12042.0	6003.0	0.0	0.0	123.0	61919.0	13406.0	11527.0	819.0	0.0	0.0	128.0	1.0	0.0	1.0	571.0	530.0	559.0	0.0	0.0	0.0	8.0	
7.0	17.0	0.0	0.0	0.0	12074.0	10225.0	0.0	1.0	3.0	0.0	3.0	1.0	47976.0	5007.0	6258.0	195.0	2.0	0.0	2.0	0.0	0.0	87068.0	10220.0	14241.0	0.0	0.0	197.0	135044.0	15227.0	21983.0	3631.0	0.0	0.0	2592.0	1.0	2.0	0.0	0.0	0.0	1483.0	0.0	3.0	4.0	14.0	
3.0	16.0	0.0	2.0	1.0	11892.0	10475.0	0.0	2.0	10.0	645.0	5.0	3.0	22506.0	2435.0	4958.0	167.0	35.0	14.0	21.0	0.0	0.0	115241.0	16753.0	11106.0	0.0	0.0	202.0	140448.0	20483.0	16519.0	1398.0	0.0	0.0	279.0	1.0	0.0	1.0	2700.0	1294.0	454.0	0.0	1.0	0.0	10.0	
6.0	14.0	0.0	4.0	0.0	10732.0	9075.0	0.0	1.0	5.0	0.0	4.0	1.0	105892.0	16830.0	7266.0	150.0	13.0	0.0	13.0	0.0	0.0	17827.0	2498.0	12492.0	0.0	0.0	163.0	129287.0	19329.0	21164.0	3457.0	0.0	0.0	455.0	1.0	2.0	0.0	5568.0	0.0	1405.0	0.0	3.0	2.0	11.0	
2.0	9.0	0.0	0.0	1.0	7288.0	5750.0	1.0	1.0	3.0	420.0	3.0	2.0	190.0	109.0	1477.0	136.0	0.0	0.0	0.0	0.0	0.0	69313.0	10225.0	2093.0	0.0	0.0	136.0	69503.0	10334.0	3669.0	406.0	0.0	0.0	13.0	2.0	1.0	0.0	0.0	0.0	98.0	0.0	0.0	0.0	6.0	
5.0	9.0	0.0	6.0	0.0	5212.0	4925.0	0.0	0.0	2.0	0.0	0.0	1.0	6388.0	2807.0	3522.0	18.0	0.0	0.0	0.0	0.0	0.0	2738.0	571.0	11360.0	0.0	0.0	18.0	9127.0	3379.0	15012.0	577.0	0.0	0.0	106.0	3.0	0.0	0.0	0.0	0.0	130.0	0.0	1.0	0.0	9.0	
4.0	11.0	0.0	9.0	0.0	6946.0	6150.0	0.0	1.0	5.0	463.0	2.0	1.0	1450.0	1021.0	5974.0	65.0	0.0	0.0	0.0	0.0	0.0	45203.0	12996.0	9738.0	0.0	0.0	65.0	47211.0	14576.0	16519.0	710.0	0.0	0.0	71.0	1.0	0.0	0.0	558.0	558.0	806.0	0.0	0.0	3.0	6.0	
18.0	16.0	0.0	10.0	0.0	12680.0	11725.0	0.0	0.0	5.0	0.0	0.0	1.0	25041.0	12424.0	25114.0	21.0	1.0	0.0	1.0	0.0	0.0	6883.0	2488.0	13064.0	0.0	0.0	22.0	35158.0	17896.0	39156.0	32174.0	0.0	0.0	29.0	10.0	2.0	0.0	3233.0	2983.0	977.0	0.0	0.0	4.0	21.0	
9.0	18.0	0.0	4.0	1.0	20596.0	19400.0	1.0	3.0	20.0	1449.0	14.0	2.0	0.0	0.0	6976.0	291.0	20.0	15.0	5.0	0.0	0.0	294753.0	44560.0	10168.0	0.0	0.0	311.0	296291.0	45044.0	17698.0	3580.0	0.0	0.0	112.0	4.0	7.0	0.0	1537.0	483.0	554.0	0.0	0.0	7.0	13.0	
9.0	13.0	0.0	6.0	0.0	10050.0	10075.0	0.0	1.0	3.0	315.0	2.0	1.0	31918.0	10158.0	6619.0	66.0	0.0	0.0	0.0	0.0	0.0	14855.0	1003.0	11273.0	0.0	0.0	66.0	47382.0	11676.0	17892.0	3394.0	0.0	0.0	241.0	1.0	0.0	0.0	608.0	514.0	0.0	0.0	0.0	9.0	22.0	
4.0	14.0	0.0	2.0	0.0	8129.0	6633.0	0.0	1.0	3.0	0.0	2.0	1.0	810.0	530.0	1924.0	123.0	1.0	1.0	0.0	0.0	0.0	50086.0	4954.0	10909.0	0.0	0.0	124.0	53767.0	6165.0	13162.0	3360.0	0.0	0.0	30.0	1.0	0.0	0.0	2870.0	680.0	328.0	0.0	0.0	0.0	7.0	
10.0	18.0	0.0	10.0	1.0	18696.0	17050.0	1.0	2.0	10.0	0.0	3.0	2.0	85139.0	26138.0	21680.0	205.0	30.0	4.0	26.0	0.0	0.0	126666.0	6593.0	20844.0	0.0	0.0	235.0	216014.0	33598.0	45846.0	8728.0	0.0	0.0	661.0	1.0	0.0	0.0	4208.0	866.0	3322.0	0.0	0.0	8.0	13.0	
7.0	16.0	0.0	3.0	2.0	15003.0	13150.0	0.0	2.0	10.0	1354.0	6.0	3.0	33307.0	4922.0	8715.0	265.0	25.0	0.0	25.0	0.0	0.0	190393.0	20736.0	7292.0	0.0	0.0	290.0	225989.0	26005.0	16033.0	3530.0	0.0	0.0	714.0	2.0	1.0	1.0	2289.0	346.0	25.0	0.0	0.0	2.0	10.0	
0.0	12.0	0.0	6.0	0.0	8031.0	7400.0	0.0	0.0	2.0	897.0	0.0	1.0	2169.0	1160.0	5045.0	156.0	4.0	1.0	3.0	0.0	0.0	80415.0	8162.0	8012.0	0.0	0.0	160.0	82752.0	9371.0	13058.0	1202.0	0.0	0.0	102.0	2.0	0.0	0.0	168.0	48.0	0.0	0.0	2.0	1.0	8.0	
20.0	18.0	0.0	13.0	0.0	20536.0	20430.0	0.0	3.0	11.0	0.0	3.0	1.0	170997.0	37835.0	19055.0	158.0	6.0	0.0	6.0	0.0	0.0	6883.0	1365.0	12430.0	0.0	0.0	164.0	211846.0	56332.0	32229.0	4140.0	0.0	0.0	675.0	1.0	0.0	0.0	33965.0	17131.0	743.0	0.0	0.0	2.0	24.0	
6.0	18.0	0.0	2.0	5.0	21927.0	19983.0	1.0	3.0	24.0	0.0	11.0	3.0	70076.0	10627.0	3696.0	286.0	14.0	7.0	7.0	0.0	0.0	199655.0	30615.0	22775.0	0.0	0.0	314.0	271521.0	42092.0	28351.0	11888.0	0.0	0.0	704.0	1.0	3.0	1.0	1788.0	850.0	1880.0	0.0	0.0	2.0	3.0	
2.0	12.0	0.0	3.0	0.0	9815.0	5850.0	0.0	1.0	5.0	0.0	2.0	1.0	6708.0	875.0	2909.0	85.0	3.0	1.0	2.0	0.0	0.0	62402.0	6412.0	4020.0	0.0	0.0	91.0	69110.0	7287.0	6929.0	238.0	0.0	0.0	18.0	1.0	3.0	0.0	0.0	0.0	0.0	0.0	0.0	0.0	12.0	
2.0	17.0	0.0	9.0	2.0	14171.0	14625.0	0.0	1.0	7.0	374.0	7.0	2.0	7192.0	1534.0	15329.0	80.0	137.0	44.0	93.0	0.0	0.0	209177.0	24206.0	26976.0	0.0	0.0	217.0	233862.0	28972.0	43123.0	9962.0	0.0	0.0	901.0	1.0	0.0	0.0	17492.0	3230.0	817.0	0.0	0.0	2.0	10.0	
2.0	14.0	0.0	4.0	2.0	11759.0	10775.0	0.0	3.0	11.0	322.0	4.0	2.0	3781.0	1379.0	3538.0	75.0	83.0	31.0	52.0	0.0	0.0	135634.0	13307.0	14522.0	0.0	0.0	158.0	146595.0	15615.0	18341.0	6000.0	0.0	0.0	467.0	1.0	2.0	0.0	7180.0	928.0	280.0	0.0	0.0	1.0	7.0	
13.0	17.0	0.0	4.0	4.0	17773.0	16225.0	0.0	4.0	13.0	1947.0	4.0	2.0	10509.0	5358.0	6882.0	248.0	15.0	5.0	10.0	0.0	0.0	197353.0	37614.0	7389.0	0.0	0.0	263.0	211214.0	43057.0	14471.0	4662.0	0.0	0.0	167.0	3.0	4.0	0.0	3351.0	84.0	200.0	0.0	3.0	2.0	10.0	
10.0	15.0	0.0	3.0	0.0	12300.0	9525.0	0.0	1.0	9.0	0.0	8.0	1.0	15282.0	2112.0	5821.0	159.0	18.0	15.0	3.0	0.0	0.0	112224.0	16531.0	9958.0	0.0	0.0	177.0	135187.0	18764.0	16661.0	1822.0	0.0	0.0	247.0	1.0	2.0	0.0	7680.0	120.0	882.0	0.0	0.0	0.0	12.0	
9.0	17.0	0.0	16.0	1.0	13144.0	12650.0	0.0	2.0	11.0	0.0	4.0	2.0	93676.0	32260.0	17027.0	136.0	1.0	1.0	0.0	0.0	0.0	13274.0	2075.0	18496.0	0.0	0.0	137.0	108430.0	35806.0	37130.0	2865.0	0.0	0.0	1070.0	1.0	1.0	0.0	1480.0	1470.0	1607.0	0.0	0.0	2.0	4.0	
4.0	18.0	0.0	9.0	1.0	19282.0	17600.0	0.0	1.0	8.0	0.0	4.0	3.0	21500.0	4532.0	10733.0	267.0	24.0	13.0	11.0	0.0	0.0	203692.0	28505.0	19727.0	0.0	0.0	291.0	227832.0	33393.0	33804.0	3611.0	0.0	0.0	284.0	1.0	2.0	1.0	2639.0	356.0	3343.0	0.0	2.0	8.0	13.0	
6.0	13.0	0.0	9.0	0.0	9796.0	9775.0	0.0	0.0	1.0	0.0	0.0	1.0	14946.0	3057.0	9294.0	201.0	3.0	0.0	3.0	0.0	0.0	73857.0	9065.0	8580.0	0.0	0.0	204.0	89284.0	12267.0	18351.0	2791.0	0.0	0.0	227.0	3.0	0.0	0.0	480.0	144.0	476.0	0.0	1.0	3.0	9.0	
22.0	18.0	0.0	6.0	0.0	15988.0	15704.0	0.0	3.0	8.0	0.0	3.0	1.0	170518.0	37528.0	12986.0	216.0	15.0	2.0	13.0	0.0	0.0	17792.0	3610.0	16526.0	0.0	0.0	231.0	190954.0	43782.0	30710.0	7266.0	0.0	0.0	1836.0	1.0	1.0	0.0	2643.0	2643.0	1198.0	0.0	0.0	2.0	15.0	
4.0	18.0	0.0	7.0	2.0	17086.0	16475.0	0.0	4.0	11.0	717.0	3.0	2.0	4063.0	2109.0	9505.0	53.0	147.0	60.0	87.0	0.0	0.0	241822.0	26471.0	23245.0	0.0	0.0	200.0	262487.0	30502.0	33309.0	8599.0	0.0	0.0	753.0	1.0	1.0	0.0	16602.0	1922.0	558.0	0.0	0.0	7.0	5.0	
11.0	18.0	0.0	8.0	0.0	15558.0	34084.0	3.0	1.0	2.0	403.0	2.0	1.0	132642.0	34959.0	20963.0	165.0	8.0	2.0	6.0	0.0	0.0	40324.0	3722.0	12460.0	0.0	0.0	173.0	179701.0	40474.0	34032.0	3950.0	0.0	0.0	649.0	1.0	1.0	0.0	6734.0	1792.0	609.0	0.0	0.0	7.0	16.0	
17.0	18.0	0.0	6.0	4.0	22382.0	18100.0	0.0	3.0	19.0	0.0	7.0	3.0	37922.0	10961.0	15428.0	306.0	15.0	8.0	7.0	0.0	0.0	257044.0	43566.0	19615.0	0.0	0.0	321.0	300213.0	56027.0	36041.0	6403.0	0.0	0.0	1193.0	5.0	6.0	2.0	5246.0	1500.0	998.0	0.0	2.0	11.0	17.0	
10.0	13.0	0.0	5.0	1.0	11586.0	9550.0	1.0	2.0	6.0	478.0	4.0	3.0	3083.0	1953.0	9386.0	163.0	9.0	2.0	7.0	0.0	0.0	104722.0	14546.0	6913.0	0.0	0.0	172.0	110410.0	17132.0	16695.0	3606.0	0.0	0.0	1547.0	3.0	3.0	1.0	2604.0	632.0	396.0	0.0	0.0	0.0	8.0	
2.0	18.0	0.0	6.0	1.0	17214.0	15150.0	0.0	4.0	13.0	959.0	6.0	2.0	174592.0	25959.0	10791.0	248.0	10.0	3.0	7.0	0.0	0.0	19115.0	1442.0	17832.0	0.0	0.0	258.0	194476.0	28170.0	29437.0	5412.0	0.0	0.0	43.0	1.0	0.0	0.0	767.0	767.0	813.0	0.0	0.0	2.0	19.0	
8.0	15.0	0.0	4.0	0.0	11480.0	9535.0	0.0	3.0	6.0	0.0	2.0	1.0	83118.0	16539.0	10054.0	156.0	6.0	0.0	6.0	0.0	0.0	19552.0	686.0	9485.0	0.0	0.0	162.0	102670.0	17225.0	20010.0	3935.0	0.0	0.0	100.0	1.0	2.0	0.0	0.0	0.0	470.0	0.0	0.0	1.0	9.0	
4.0	16.0	0.0	3.0	1.0	13157.0	11533.0	0.0	2.0	6.0	621.0	3.0	3.0	64131.0	3454.0	3175.0	247.0	25.0	7.0	18.0	0.0	0.0	119449.0	15763.0	13454.0	0.0	0.0	272.0	184327.0	19218.0	17910.0	1881.0	0.0	0.0	136.0	1.0	1.0	1.0	746.0	0.0	1280.0	0.0	2.0	4.0	8.0	
6.0	16.0	0.0	1.0	0.0	12629.0	15750.0	1.0	1.0	6.0	0.0	6.0	1.0	156058.0	17041.0	4932.0	236.0	9.0	4.0	5.0	0.0	0.0	14130.0	618.0	5109.0	0.0	0.0	245.0	171641.0	17835.0	10116.0	1174.0	0.0	0.0	522.0	1.0	3.0	0.0	1451.0	175.0	75.0	0.0	2.0	8.0	13.0	
6.0	13.0	0.0	3.0	1.0	9642.0	8300.0	0.0	2.0	8.0	0.0	5.0	2.0	5261.0	3477.0	3498.0	137.0	3.0	3.0	0.0	0.0	0.0	75690.0	14752.0	7169.0	0.0	0.0	140.0	82225.0	19159.0	11764.0	1423.0	0.0	0.0	276.0	2.0	1.0	0.0	1273.0	930.0	1096.0	0.0	0.0	1.0	4.0	
8.0	17.0	0.0	8.0	0.0	14490.0	14325.0	0.0	0.0	2.0	1939.0	0.0	1.0	18533.0	5040.0	8600.0	287.0	5.0	0.0	5.0	0.0	0.0	228552.0	26172.0	11816.0	0.0	0.0	292.0	247618.0	31596.0	22879.0	4214.0	0.0	0.0	263.0	4.0	2.0	0.0	532.0	384.0	2461.0	0.0	0.0	4.0	12.0	
18.0	13.0	0.0	9.0	1.0	11421.0	10100.0	0.0	2.0	5.0	358.0	3.0	2.0	3223.0	2072.0	3836.0	130.0	1.0	1.0	0.0	0.0	0.0	100727.0	23003.0	13279.0	0.0	0.0	131.0	103950.0	25076.0	18410.0	1912.0	0.0	0.0	1790.0	3.0	2.0	0.0	0.0	0.0	1294.0	0.0	0.0	2.0	9.0	
4.0	13.0	0.0	3.0	1.0	10899.0	11010.0	0.0	1.0	14.0	751.0	12.0	2.0	56245.0	16632.0	3436.0	106.0	5.0	1.0	4.0	0.0	0.0	22168.0	5617.0	8425.0	0.0	0.0	111.0	78698.0	22533.0	12974.0	470.0	0.0	0.0	285.0	1.0	1.0	0.0	284.0	284.0	1112.0	0.0	0.0	11.0	5.0	
7.0	18.0	0.0	6.0	1.0	15193.0	15060.0	0.0	3.0	12.0	948.0	4.0	2.0	145182.0	20748.0	9992.0	214.0	9.0	1.0	8.0	0.0	0.0	16046.0	1118.0	16646.0	0.0	0.0	223.0	162085.0	21935.0	28138.0	4802.0	0.0	0.0	479.0	3.0	1.0	0.0	857.0	68.0	1499.0	0.0	0.0	1.0	7.0	
5.0	16.0	0.0	1.0	0.0	10977.0	8725.0	0.0	2.0	6.0	0.0	4.0	1.0	43726.0	3868.0	3128.0	145.0	3.0	3.0	0.0	0.0	0.0	65117.0	7731.0	9937.0	0.0	0.0	148.0	109086.0	11812.0	13066.0	1375.0	0.0	0.0	2078.0	1.0	3.0	0.0	242.0	212.0	0.0	0.0	1.0	0.0	11.0	
4.0	13.0	0.0	2.0	0.0	9947.0	6855.0	0.0	3.0	11.0	446.0	5.0	1.0	62321.0	19408.0	4228.0	110.0	3.0	2.0	1.0	0.0	0.0	10353.0	2328.0	6855.0	0.0	0.0	113.0	73091.0	21851.0	11883.0	1382.0	0.0	0.0	87.0	1.0	0.0	0.0	416.0	114.0	800.0	0.0	0.0	0.0	10.0	
6.0	13.0	0.0	2.0	0.0	10116.0	7550.0	0.0	1.0	5.0	1030.0	3.0	1.0	393.0	125.0	3650.0	164.0	1.0	1.0	0.0	0.0	0.0	93352.0	12368.0	9252.0	0.0	0.0	165.0	93745.0	12494.0	12902.0	1609.0	0.0	0.0	31.0	2.0	0.0	0.0	0.0	0.0	0.0	0.0	0.0	1.0	11.0	
8.0	15.0	0.0	2.0	3.0	15490.0	13050.0	0.0	2.0	14.0	1336.0	7.0	4.0	7837.0	2575.0	4172.0	215.0	11.0	5.0	6.0	0.0	0.0	152353.0	20259.0	4878.0	1.0	0.0	226.0	161046.0	23075.0	9177.0	2419.0	0.0	0.0	134.0	3.0	2.0	1.0	856.0	240.0	126.0	0.0	3.0	6.0	10.0	
12.0	12.0	0.0	7.0	0.0	7218.0	6285.0	0.0	0.0	0.0	0.0	0.0	0.0	6375.0	3823.0	992.0	4.0	0.0	0.0	0.0	0.0	0.0	4961.0	824.0	12803.0	0.0	0.0	4.0	11336.0	4647.0	14206.0	6623.0	0.0	0.0	59.0	5.0	0.0	0.0	0.0	0.0	410.0	0.0	0.0	1.0	7.0	
6.0	13.0	0.0	5.0	0.0	10313.0	8750.0	0.0	1.0	3.0	483.0	2.0	1.0	8412.0	213.0	2795.0	150.0	3.0	0.0	3.0	0.0	0.0	83780.0	8424.0	14167.0	0.0	0.0	153.0	92336.0	8781.0	17086.0	2545.0	0.0	0.0	75.0	2.0	1.0	0.0	143.0	143.0	124.0	0.0	0.0	0.0	8.0	
1.0	12.0	0.0	6.0	0.0	8091.0	6675.0	0.0	1.0	6.0	419.0	2.0	1.0	53626.0	10218.0	3966.0	109.0	0.0	0.0	0.0	0.0	0.0	9721.0	1571.0	7062.0	0.0	0.0	109.0	63887.0	12166.0	11450.0	651.0	0.0	0.0	55.0	1.0	1.0	0.0	540.0	376.0	422.0	0.0	0.0	0.0	6.0	
9.0	13.0	0.0	0.0	0.0	11081.0	7675.0	0.0	1.0	4.0	1001.0	4.0	1.0	8306.0	1292.0	2503.0	203.0	9.0	7.0	2.0	0.0	0.0	114788.0	10054.0	4828.0	0.0	0.0	212.0	123694.0	11347.0	7331.0	367.0	0.0	0.0	192.0	2.0	1.0	0.0	600.0	0.0	0.0	0.0	1.0	3.0	10.0	
8.0	18.0	0.0	4.0	2.0	17281.0	14750.0	1.0	2.0	11.0	0.0	7.0	2.0	190444.0	28133.0	8641.0	259.0	29.0	10.0	19.0	0.0	0.0	15448.0	205.0	13762.0	0.0	0.0	288.0	208464.0	28368.0	23312.0	8258.0	0.0	0.0	3389.0	1.0	1.0	0.0	2570.0	30.0	908.0	0.0	4.0	8.0	16.0	
4.0	14.0	0.0	7.0	0.0	13489.0	11550.0	0.0	2.0	9.0	572.0	5.0	1.0	2088.0	618.0	9644.0	272.0	1.0	0.0	1.0	0.0	0.0	154025.0	16519.0	11833.0	0.0	0.0	273.0	169191.0	20856.0	22751.0	2532.0	0.0	0.0	895.0	3.0	2.0	0.0	13077.0	3718.0	1272.0	0.0	0.0	2.0	8.0	
4.0	14.0	0.0	5.0	0.0	11402.0	10800.0	0.0	1.0	6.0	1081.0	2.0	1.0	2206.0	992.0	9229.0	196.0	4.0	3.0	1.0	0.0	0.0	105974.0	15443.0	9745.0	0.0	0.0	200.0	121193.0	21630.0	19681.0	2091.0	0.0	0.0	152.0	4.0	0.0	0.0	13012.0	5194.0	705.0	0.0	0.0	6.0	7.0	
8.0	10.0	0.0	6.0	0.0	6565.0	5975.0	0.0	0.0	2.0	0.0	0.0	1.0	3431.0	2054.0	4566.0	20.0	3.0	2.0	1.0	0.0	0.0	15861.0	5640.0	9052.0	0.0	0.0	23.0	21074.0	7742.0	14532.0	527.0	0.0	0.0	117.0	3.0	0.0	0.0	1781.0	48.0	913.0	0.0	0.0	0.0	21.0	
5.0	15.0	0.0	1.0	1.0	12648.0	12200.0	0.0	1.0	7.0	0.0	7.0	2.0	133671.0	18795.0	5702.0	216.0	20.0	11.0	9.0	0.0	0.0	14281.0	1051.0	4903.0	0.0	0.0	236.0	147952.0	19847.0	12371.0	2688.0	0.0	0.0	1278.0	1.0	1.0	0.0	0.0	0.0	1766.0	0.0	0.0	7.0	11.0	
3.0	16.0	0.0	10.0	1.0	12902.0	12335.0	0.0	1.0	7.0	0.0	4.0	2.0	144830.0	22631.0	6583.0	235.0	0.0	0.0	0.0	0.0	0.0	19687.0	1854.0	14798.0	0.0	0.0	235.0	165459.0	25427.0	21616.0	1232.0	0.0	0.0	1303.0	1.0	1.0	0.0	942.0	942.0	234.0	0.0	0.0	0.0	7.0	
9.0	17.0	0.0	4.0	0.0	14657.0	12910.0	0.0	3.0	13.0	387.0	5.0	1.0	108974.0	36851.0	7420.0	170.0	8.0	1.0	7.0	0.0	0.0	29901.0	3773.0	14588.0	0.0	0.0	178.0	141110.0	41339.0	22263.0	2817.0	0.0	0.0	467.0	1.0	4.0	0.0	2234.0	714.0	254.0	0.0	0.0	1.0	13.0	
9.0	16.0	0.0	7.0	0.0	13610.0	12633.0	1.0	0.0	4.0	0.0	0.0	1.0	23149.0	5543.0	6930.0	221.0	21.0	6.0	15.0	0.0	0.0	137996.0	18937.0	17011.0	0.0	0.0	242.0	165650.0	25584.0	24601.0	2901.0	0.0	0.0	305.0	3.0	0.0	0.0	4504.0	1104.0	659.0	0.0	2.0	2.0	14.0	
16.0	14.0	0.0	2.0	1.0	10771.0	9608.0	1.0	2.0	5.0	0.0	3.0	2.0	11622.0	2469.0	6306.0	10.0	64.0	8.0	56.0	0.0	0.0	71570.0	9976.0	16349.0	0.0	0.0	74.0	93126.0	13238.0	23206.0	7244.0	0.0	0.0	408.0	1.0	0.0	0.0	9933.0	793.0	550.0	0.0	0.0	2.0	9.0	
8.0	17.0	0.0	7.0	2.0	18989.0	17800.0	4.0	4.0	19.0	0.0	9.0	4.0	7212.0	3496.0	13710.0	215.0	12.0	5.0	7.0	0.0	0.0	198132.0	43994.0	19368.0	1.0	0.0	227.0	209460.0	48119.0	36400.0	6619.0	0.0	0.0	202.0	1.0	4.0	2.0	4115.0	628.0	3322.0	0.0	2.0	3.0	15.0	
6.0	14.0	0.0	5.0	0.0	11429.0	11225.0	0.0	0.0	4.0	0.0	0.0	1.0	38741.0	5535.0	8204.0	194.0	8.0	7.0	1.0	0.0	0.0	98697.0	18380.0	13550.0	0.0	0.0	202.0	138510.0	24473.0	24975.0	1258.0	0.0	0.0	2728.0	1.0	1.0	0.0	1070.0	557.0	3220.0	0.0	3.0	3.0	14.0	
11.0	16.0	0.0	0.0	2.0	12806.0	10950.0	1.0	1.0	9.0	0.0	9.0	2.0	21795.0	2798.0	4248.0	195.0	10.0	6.0	4.0	0.0	0.0	132394.0	18325.0	14318.0	0.0	0.0	215.0	158322.0	21293.0	18886.0	2614.0	0.0	0.0	293.0	1.0	4.0	0.0	4134.0	170.0	320.0	0.0	2.0	1.0	11.0	
12.0	17.0	0.0	5.0	1.0	14701.0	13500.0	1.0	2.0	9.0	0.0	3.0	2.0	137213.0	23887.0	10787.0	217.0	14.0	2.0	12.0	0.0	0.0	28614.0	3017.0	15764.0	0.0	0.0	231.0	166543.0	27020.0	27106.0	5109.0	0.0	0.0	291.0	1.0	1.0	0.0	715.0	115.0	554.0	0.0	2.0	1.0	14.0	
13.0	17.0	0.0	2.0	0.0	15457.0	11600.0	0.0	1.0	5.0	406.0	4.0	1.0	2712.0	2292.0	6400.0	251.0	23.0	10.0	13.0	0.0	0.0	197442.0	10558.0	8547.0	0.0	0.0	274.0	202532.0	13168.0	15163.0	3306.0	0.0	0.0	2698.0	3.0	2.0	0.0	2376.0	318.0	215.0	0.0	0.0	1.0	10.0	
3.0	11.0	0.0	8.0	0.0	6309.0	5850.0	0.0	0.0	2.0	0.0	0.0	1.0	42505.0	8748.0	2891.0	101.0	0.0	0.0	0.0	0.0	0.0	7554.0	1799.0	8696.0	0.0	0.0	101.0	50059.0	10547.0	11880.0	193.0	0.0	0.0	702.0	1.0	0.0	0.0	0.0	0.0	291.0	0.0	0.0	0.0	8.0	
7.0	17.0	0.0	0.0	3.0	17217.0	14458.0	2.0	1.0	18.0	122.0	18.0	2.0	59455.0	12104.0	11237.0	163.0	37.0	27.0	10.0	0.0	0.0	123336.0	14727.0	23134.0	0.0	0.0	200.0	196198.0	28365.0	35123.0	3032.0	0.0	0.0	235.0	1.0	6.0	0.0	13405.0	1534.0	751.0	0.0	0.0	2.0	12.0	
5.0	14.0	0.0	5.0	1.0	11310.0	10825.0	0.0	2.0	7.0	519.0	4.0	2.0	58401.0	18897.0	7664.0	118.0	3.0	0.0	3.0	0.0	0.0	21343.0	1838.0	11244.0	0.0	0.0	121.0	81236.0	21728.0	19228.0	4518.0	0.0	0.0	505.0	1.0	1.0	0.0	1492.0	992.0	319.0	0.0	3.0	4.0	14.0	
2.0	13.0	0.0	1.0	2.0	8910.0	7625.0	1.0	2.0	11.0	273.0	9.0	2.0	41347.0	15942.0	4228.0	99.0	3.0	0.0	3.0	0.0	0.0	17726.0	2461.0	7059.0	0.0	0.0	102.0	60182.0	19204.0	11898.0	99.0	0.0	0.0	319.0	1.0	2.0	0.0	1108.0	800.0	610.0	0.0	0.0	0.0	7.0	
8.0	17.0	0.0	2.0	0.0	16060.0	15075.0	0.0	3.0	16.0	0.0	9.0	1.0	3652.0	2724.0	4169.0	210.0	22.0	18.0	4.0	0.0	0.0	172564.0	30124.0	10915.0	0.0	0.0	232.0	179105.0	34037.0	15671.0	2089.0	0.0	0.0	1087.0	1.0	2.0	0.0	2888.0	1188.0	586.0	0.0	1.0	1.0	14.0	
7.0	16.0	0.0	9.0	1.0	15318.0	14508.0	0.0	2.0	10.0	372.0	4.0	2.0	109954.0	18911.0	14634.0	190.0	16.0	2.0	14.0	0.0	0.0	46687.0	6105.0	19670.0	0.0	0.0	206.0	161871.0	26258.0	34811.0	7245.0	0.0	0.0	728.0	4.0	1.0	0.0	5230.0	1242.0	506.0	0.0	1.0	2.0	10.0	
5.0	9.0	0.0	0.0	0.0	6441.0	5625.0	0.0	1.0	2.0	344.0	2.0	1.0	934.0	934.0	1630.0	109.0	1.0	0.0	1.0	0.0	0.0	49921.0	7253.0	3174.0	0.0	0.0	110.0	50856.0	8188.0	4805.0	1244.0	0.0	0.0	24.0	2.0	1.0	0.0	0.0	0.0	0.0	0.0	1.0	0.0	4.0	
10.0	18.0	0.0	12.0	2.0	16092.0	15950.0	0.0	4.0	12.0	0.0	3.0	2.0	65715.0	17491.0	9796.0	54.0	25.0	5.0	20.0	0.0	0.0	14613.0	1496.0	42352.0	0.0	0.0	104.0	81506.0	19442.0	52608.0	18875.0	0.0	0.0	180.0	1.0	1.0	0.0	1178.0	454.0	460.0	0.0	0.0	0.0	12.0	
13.0	18.0	0.0	14.0	0.0	16674.0	15800.0	0.0	2.0	6.0	0.0	2.0	1.0	2884.0	2488.0	12344.0	272.0	1.0	0.0	1.0	0.0	0.0	174827.0	27474.0	22131.0	0.0	0.0	273.0	178017.0	29962.0	40020.0	4408.0	0.0	0.0	257.0	1.0	2.0	0.0	306.0	0.0	5545.0	0.0	0.0	1.0	7.0	
19.0	15.0	0.0	7.0	0.0	12653.0	11550.0	0.0	1.0	8.0	0.0	3.0	1.0	42379.0	20126.0	3140.0	28.0	0.0	0.0	0.0	0.0	0.0	7623.0	1724.0	16786.0	0.0	0.0	28.0	51229.0	22871.0	20831.0	2845.0	0.0	0.0	197.0	1.0	0.0	0.0	1226.0	1020.0	903.0	0.0	0.0	0.0	18.0	
6.0	16.0	0.0	9.0	2.0	14796.0	11000.0	3.0	5.0	14.0	831.0	4.0	2.0	3122.0	501.0	16333.0	182.0	3.0	0.0	3.0	0.0	0.0	112761.0	16481.0	10644.0	0.0	0.0	186.0	117475.0	17262.0	27816.0	4300.0	0.0	0.0	61.0	3.0	1.0	0.0	1591.0	280.0	837.0	0.0	0.0	1.0	6.0	
6.0	16.0	0.0	2.0	2.0	14762.0	12395.0	0.0	3.0	16.0	0.0	10.0	2.0	104280.0	32073.0	8647.0	147.0	5.0	2.0	3.0	0.0	0.0	16117.0	1282.0	6439.0	0.0	0.0	157.0	120579.0	33537.0	15396.0	1187.0	0.0	0.0	60.0	1.0	0.0	0.0	182.0	182.0	310.0	0.0	0.0	1.0	10.0	
9.0	25.0	0.0	11.0	0.0	22110.0	20550.0	0.0	6.0	22.0	0.0	7.0	1.0	127799.0	51580.0	9299.0	85.0	10.0	5.0	5.0	0.0	0.0	21020.0	7612.0	19921.0	0.0	0.0	105.0	151432.0	59786.0	29445.0	1899.0	0.0	0.0	326.0	1.0	1.0	0.0	2612.0	593.0	225.0	0.0	0.0	0.0	46.0	
10.0	18.0	0.0	6.0	4.0	21093.0	18280.0	1.0	2.0	26.0	0.0	16.0	2.0	5455.0	4316.0	15998.0	229.0	14.0	0.0	14.0	0.0	0.0	205725.0	42965.0	8736.0	0.0	0.0	243.0	214214.0	48575.0	25785.0	1783.0	0.0	0.0	1203.0	1.0	3.0	0.0	3034.0	1294.0	1049.0	0.0	2.0	2.0	15.0	
8.0	10.0	0.0	0.0	1.0	8071.0	7900.0	0.0	1.0	6.0	0.0	6.0	2.0	20128.0	6037.0	1423.0	20.0	2.0	2.0	0.0	0.0	0.0	8038.0	2020.0	7294.0	0.0	0.0	24.0	31526.0	8057.0	8717.0	1360.0	0.0	0.0	117.0	1.0	0.0	0.0	3360.0	0.0	0.0	0.0	2.0	1.0	16.0	
3.0	12.0	0.0	6.0	1.0	9288.0	8485.0	0.0	2.0	8.0	491.0	4.0	2.0	52550.0	12439.0	5272.0	98.0	4.0	4.0	0.0	0.0	0.0	10249.0	2036.0	7652.0	0.0	0.0	102.0	63149.0	14825.0	13937.0	900.0	0.0	0.0	18.0	1.0	2.0	0.0	349.0	349.0	1012.0	0.0	0.0	0.0	6.0	
5.0	15.0	0.0	9.0	0.0	11866.0	11850.0	0.0	2.0	9.0	0.0	2.0	1.0	116035.0	21288.0	9429.0	188.0	1.0	0.0	1.0	0.0	0.0	15963.0	2083.0	14567.0	0.0	0.0	189.0	133329.0	24402.0	24951.0	617.0	0.0	0.0	1039.0	1.0	0.0	0.0	1330.0	1030.0	954.0	0.0	0.0	1.0	9.0	
6.0	12.0	0.0	7.0	0.0	8805.0	8375.0	0.0	1.0	5.0	389.0	2.0	1.0	1926.0	1159.0	11283.0	55.0	0.0	0.0	0.0	0.0	0.0	49933.0	13118.0	12422.0	0.0	0.0	55.0	57814.0	14790.0	24460.0	2827.0	0.0	0.0	148.0	5.0	0.0	0.0	5953.0	512.0	754.0	0.0	0.0	2.0	12.0	
2.0	10.0	0.0	1.0	2.0	7128.0	7000.0	0.0	1.0	8.0	0.0	8.0	2.0	46699.0	9192.0	1805.0	98.0	3.0	3.0	0.0	0.0	0.0	7445.0	941.0	2211.0	0.0	0.0	101.0	54905.0	10353.0	5048.0	500.0	0.0	0.0	761.0	1.0	1.0	0.0	760.0	220.0	1032.0	0.0	0.0	0.0	5.0	
11.0	18.0	0.0	8.0	1.0	18284.0	15575.0	1.0	6.0	17.0	1623.0	5.0	3.0	16200.0	4802.0	8044.0	235.0	18.0	2.0	16.0	0.0	0.0	231427.0	36195.0	9959.0	0.0	0.0	253.0	250034.0	41331.0	20294.0	2784.0	0.0	0.0	230.0	3.0	1.0	1.0	2407.0	334.0	2290.0	0.0	1.0	5.0	15.0	
6.0	15.0	0.0	2.0	1.0	11651.0	10333.0	0.0	2.0	5.0	610.0	3.0	2.0	26003.0	1903.0	7159.0	206.0	19.0	5.0	14.0	0.0	0.0	109290.0	14055.0	8747.0	0.0	0.0	225.0	135931.0	16597.0	15963.0	1584.0	0.0	0.0	97.0	1.0	2.0	0.0	638.0	638.0	56.0	0.0	2.0	1.0	8.0	
22.0	13.0	0.0	2.0	0.0	9455.0	8135.0	1.0	1.0	3.0	0.0	2.0	1.0	17986.0	9790.0	4098.0	5.0	0.0	0.0	0.0	0.0	0.0	7884.0	2808.0	7046.0	0.0	0.0	5.0	26197.0	12925.0	12306.0	13725.0	0.0	0.0	17.0	5.0	0.0	0.0	327.0	327.0	1162.0	0.0	0.0	0.0	5.0	
8.0	18.0	0.0	9.0	3.0	19435.0	18108.0	1.0	4.0	18.0	0.0	5.0	3.0	55985.0	12319.0	12397.0	216.0	16.0	11.0	5.0	0.0	0.0	154903.0	25143.0	27935.0	0.0	0.0	248.0	215683.0	39588.0	41642.0	10589.0	0.0	0.0	346.0	1.0	2.0	1.0	4794.0	2126.0	1310.0	0.0	1.0	2.0	11.0	
5.0	15.0	0.0	4.0	0.0	11362.0	8075.0	0.0	3.0	11.0	607.0	6.0	1.0	23356.0	6458.0	5911.0	64.0	65.0	28.0	37.0	0.0	0.0	108092.0	10903.0	14271.0	0.0	0.0	129.0	140619.0	18851.0	21031.0	5689.0	0.0	0.0	927.0	1.0	1.0	0.0	9170.0	1490.0	848.0	0.0	0.0	0.0	3.0	
4.0	18.0	0.0	6.0	0.0	16044.0	13975.0	0.0	2.0	5.0	0.0	2.0	1.0	206380.0	21711.0	18771.0	277.0	4.0	1.0	3.0	0.0	0.0	30525.0	2655.0	11788.0	0.0	0.0	281.0	237737.0	24495.0	31654.0	5768.0	0.0	0.0	939.0	1.0	2.0	0.0	832.0	128.0	1094.0	0.0	3.0	0.0	17.0	
9.0	18.0	0.0	12.0	0.0	14993.0	14510.0	1.0	3.0	13.0	602.0	6.0	1.0	94240.0	26802.0	10712.0	132.0	0.0	0.0	0.0	0.0	0.0	9748.0	1844.0	26677.0	0.0	0.0	132.0	105051.0	29708.0	37837.0	3930.0	0.0	0.0	235.0	1.0	0.0	0.0	1061.0	1061.0	448.0	0.0	0.0	3.0	14.0	
5.0	14.0	0.0	0.0	2.0	12580.0	10300.0	1.0	1.0	12.0	1226.0	12.0	3.0	4758.0	1632.0	4592.0	186.0	3.0	0.0	3.0	0.0	0.0	111804.0	21900.0	8411.0	0.0	0.0	189.0	125079.0	27290.0	13273.0	2053.0	0.0	0.0	96.0	3.0	2.0	1.0	8517.0	3757.0	270.0	0.0	2.0	2.0	8.0	
12.0	18.0	0.0	9.0	2.0	16549.0	15500.0	0.0	4.0	12.0	823.0	5.0	2.0	171424.0	43776.0	11662.0	227.0	8.0	7.0	1.0	0.0	0.0	17933.0	3014.0	15943.0	0.0	0.0	235.0	190661.0	48039.0	29667.0	2411.0	0.0	0.0	45.0	1.0	1.0	0.0	1303.0	1248.0	2061.0	0.0	0.0	1.0	12.0	
12.0	16.0	0.0	6.0	0.0	15123.0	12875.0	0.0	3.0	11.0	934.0	4.0	1.0	18010.0	4236.0	7089.0	206.0	12.0	5.0	7.0	0.0	0.0	142846.0	24311.0	11478.0	0.0	0.0	218.0	161680.0	28838.0	19489.0	4425.0	0.0	0.0	295.0	5.0	2.0	0.0	822.0	290.0	920.0	0.0	0.0	0.0	13.0	
